523842754325955943
910251029655353858
924486837230354387
150200250383636187
934805012137055700
511041335496718904
300690885776941770
404943207060068096
389282063636955674
934555758696768982
360314950379193291
497465507302650612
584896585329747696
616149225978646806
020303040528453616
467938854919382108
273934327699685959
963438588327860428
702277515210957210
797018132626787606
070030770948568313
021305964538669407
441365935580649026
277821180338585429
438426856050096765
482182487248759830
336059468548553009
111397835420292633
281989600027823060
896822521136826783
481792916513651346
864295470759159775
519190980981268798
142607945913003623
524269633395991823
798585248904024210
748277814220151124
203811833015519918
388432838500995089
397487775138332741
731392022363846842
732711765618754624
628656252527190241
552319616903059113
189025159512237062
536059389226162245
602343314749911121
732987152043825991
939100089246348968
089686567370640880
413542516607291344
384464946697467778
565247033546112427
411968652361477141
421727114845398293
058933417613648647
298385630594685949
748561062944604641
128667735669547716
905235186309755847
706926136430446919
907272040934488584
333681179608401524
475114986479122344
620634954339936439
094927787628116235
920063063288859449
640717968931943097
084793208352638772
102410866943409737
235465516821485890
950121845174607771
797327652444133388
291340969464014205
169431934294451837
460315400226099422
219817546223952480
030319594297504249
589770703140258396
026934882830721420
