298326459068258361
441428045423284668
928679863616934176
208753334081005296
213797471747940424
796026093364468992
255950545096723416
502363049851751339
940967198505054197
586983208984793472
530246997063636244
485867995763630622
163690624887770468
005494862998403043
765883832882726094
316042985355677755
643920630151934534
795622989095958465
459770649411923468
536506006327210639
500826028967532354
413878569614302321
779001356593646870
296756155913317510
714548180148833725
892459731596800434
000392493218595027
637518558733093590
585245478433659764
850012755790280876
465773151057709435
070307453181822437
359246751782826139
861946698398729966
015192901671160578
817267828169406241
025253821443662134
211242428681606886
519340403810055134
147037634412055735
261788721535389354
726487026289026715
197514555507175483
221016608523649137
162772872664724971
608589824973896672
966056589738992359
841780289728886342
292738301527517118
683939110444293668
290882793120175214
855604394257998520
775026241915439556
243056697636846813
879595620723544152
343063361782000030
723656863878882568
193391549744311389
489575536080727153
718981193994334381
233394646029018872
816069755915437975
704706336683101251
622162961107520378
491816088076895707
651640638701212782
484038218306268963
978398581597621919
952397880661373836
311016519662801608
389676984322634700
073275327253698272
000169344749246513
354195903290595341
634105596386534180
549670819521557232
092785920720801259
236966957253989384
656088084818394843
359982236585977786
516968297703811010
473676965693169095
057850743867055772
538252549118106637
612873886605643614
774924669078655355
410503764259405323
044036179387690357
636252322634886556
453403361910996564
509164738369759993
584382279223010100
243302624839002925
401856546055929433
028805928829012775
048809462388813779
034150626088017824
244646532849356826
806831976033816952
823717383688587472
175375187073421962
113865182105399170
287947266374656391
331419613196506304
887536464069965473
545384271177387271
484417642829337447
221615653866173250
881347591090860628
258646683661167585
162465647940060958
787054428621932681
580840522356308325
837591220348389836
830376428788152185
468387261024239154
379204201079324709
270257378844031272
349492916710042320
115952517172351480
981211087936511955
609417533955308688
324077670955929221
282232873544039121
406712848415699518
541093396928683800
070216238352069516
455355387432604226
461996170893760350
896483850801246050
833554397778102778
443597040397784171
630650075586846281
001784315666659649
673346968632746071
410235566382862366
479460978143505595
512985239887114086
402487565417849196
541155728377409072
866813626858323946
148408966240909863
618846875445620797
319320152292942303
034043959104213754
337304432443230856
541396628337266955
896089420553458938
238801390889287741
564218422227110994
753199469282851418
931961522125588526
358533351447210682
076506378098368465
072282940957441297
453765943804527561
699839227757347420
705152031659081230
712881831725313402
363672626768288618
461215374570610959
565247033546112427
421727114845398293
620634954339936439
102410866943409737
235465516821485890
797327652444133388
169431934294451837
219817546223952480
589770703140258396
910251029655353858
360314950379193291
497465507302650612
584896585329747696
020303040528453616
467938854919382108
273934327699685959
963438588327860428
702277515210957210
441365935580649026
277821180338585429
482182487248759830
519190980981268798
798585248904024210
397487775138332741
731392022363846842
552319616903059113
602343314749911121
939100089246348968
089686567370640880
748561062944604641
128667735669547716
905235186309755847
907272040934488584
094927787628116235
640717968931943097
384464946697467778
150200250383636187
213388461245890537
581054139814629106
385525367762138535
775444745915407435
953319111393412266
311432583382275578
065199803626779568
532802613591452823
420248125031270459
189068519748623661
360109115707300995
050075599222133561
513947481013199604
541081798869054616
211132070316009192
089835951381024315
420615529375357365
324981490336520256
389496848856921297
090222527172527167
960166209287804004
955007606276397648
985904807559848415
386965694861890437
805884100431327301
078975328080032529
671622509560222977
113733864471038990
626578520638216345
766206535131856458
390615814544769243
731822950757694803
492332775265782690
489386180691629760
669734616758270738
234536169042078323
714828745900215104
408738656096088852
102120317615228291
460277245600645507
933442708372758039
326777200893290595
493823389500067394
891580247244704360
660872005765036934
309230583445986942
304915036165746210
757327695626912897
976815172012319573
087047436626913137
344516450937186069
378977799483137806
844043300620835517
122889882009417476
152581389419809192
539710325769658677
543678313980433037
945666973437671377
514642806906952730
311753944891606265
701211478045007603
380667103793723621
075130605545988622
863055454603315282
924066185498471412
257676669217854217
847901501696185595
746646513939868105
136599312153672648
657762110936984471
311179467390007059
861412324863155072
901180150631278668
740816947734319288
023677709645764279
387574648343501580
532169037319123732
448852880252873659
935458276246156041
185029705088837499
692345565548461755
141632531869116643
540180260734197095
771447703742675789
871980282851902121
763356621969490582
062103542629566568
021792910986169916
871627460626339527
515293239396423517
845967445505527820
994595984919168144
029931612687243328
844782026599584828
023742442123303857
208744574990517575
745523898305305456
344087628882667383
168154608955541702
450792311294560699
712792799433082702
878598310247946488
046180259037335294
971357427518005972
754479896019830127
261346082333196136
461696336013127527
571276994041081534
915193667348323978
149056142860518395
454382213448482759
987977005619639187
264099426424307010
309599740618748888
196791888813025563
796358014909324863
057517063635015433
046101683214182869
925395047856131922
615800539331564217
342001241880229592
527827135999631898
415123278983542339
663187033213477050
075950778604765769
742096478622846292
076121959074199315
520044477517122302
091158633094479280
531202966869552006
167739475930761500
821396968634822425
374716012572673951
172961002040432694
225369880503400924
159555610754461538
510656875662073900
736550687944377346
007695728448204537
737533862700022234
026980420841364596
108320859161899976
247868372854615374
182871215521969953
489978192324287428
126585289622071052
832043998537682838
915252802945903161
742538907527469732
352958634469312754
109444728227263264
457714836065136680
510821596953984822
884822605598576513
277229393784077584
285129643236983006
291336944600406724
395795096119291057
223421028924508088
783758497187772267
800970948927837880
707970583090526844
899426180262840315
097180311609446130
262832052342259636
632736846223159795
808578488377048218
784131383205575190
095079302645293932
720316356448680654
721486036256470413
999827942939958690
517308865765688148
902124479369300609
613102528209867839
431115163327942660
521086893434003047
203868536646459819
596149699350151050
781378486401359600
438389169162230178
100795952072260175
889316781496594204
862872533353169494
755494117330047133
209609724947136027
219468989531359944
289990652655484381
790658754203834883
686737080640661770
617638118927716272
946990991319270467
278483638737086463
695994161938535440
519287646807649027
117096231782877046
623741212299691196
089806820094484926
888567678104272436
865527401687847392
219449212992851463
465839346871138421
856120556301205414
223646148450688109
017949938056269571
512085045817002764
623059810930146500
201593050393385842
930761982930169001
100021300891254116
253431295997120890
408872723923445250
801088473792229614
142134199117251931
664228327137413454
406918412369311622
237528541790558183
552923022629372720
429503619018464245
236016170186093803
065270252904594480
143359349112505772
331600103871920957
699648061591944792
987271016926183085
273128115412693187
488292711589575874
015235215955568369
422777929952264225
720801151270470686
055029812652210562
809538241783917264
827797967182718341
230274796220700854
680436579350982712
748881998849018041
496789633486015057
108794393148511154
564099704942397571
349142676621009765
561625628362233948
062477929283364779
109212984964077709
899624425256814565
866802059984154502
538852486042197117
480682707296612453
873615365596751756
320101854595094788
292615553885777940
086807306941155601
677750354733821040
918379331675846277
995637917434440903
420489613952939881
183458926751471444
273652812940848438
620909559394791705
561214362381981035
804709999753038531
024745286458668834
616755691033553635
458676919808621793
046437143215842472
846167424394659995
858846649939652985
106303796180160999
644618359563259877
087904131902037686
990316336099137346
324576775634564156
875384125860087698
701065071417654916
108558148116080458
559310765909455944
369696242201218778
129584267719492413
643339964052826623
401172971649143142
203690510152009424
309514262618864691
284519783716848349
260176464812602957
572686399766109795
455188379268375171
359451916584328297
904360649291380573
894322490575588242
347526750053867462
338944233197864327
295180673263263218
013800519864192979
646333081418232172
348208061746256651
183677377604729519
876108566511709803
490937832112002699
499361420469963313
054509815235092361
200290691952701477
661202075362732048
018980860006841746
218801036872983584
723559019694503868
869392407893216866
583319259783581508
646267057911400815
102715080866333082
900816568792167920
498192728689311669
422865904109161008
844947889789870542
526160914361343199
416826962428290542
951644120090119849
435587128064558273
972526054940503927
979559013084354451
244835491508332730
104427026468697871
727812306173037895
011815634042638291
987697570114552827
431746167051766574
691935241577306254
919698190546501377
889410287887331519
545363859040126048
230839625084654904
170453802783086028
872536408402111811
780446877536053717
287945360620028857
894808064101931649
014188798190435268
941096190717411302
227899755678922799
038109588937917918
948984396011975092
250123058192521076
849823306364628876
328231003827728506
336226167352210595
315713856742637774
640945320564247901
240011517512891669
582561961003489441
198794452224914492
515153471678287297
797208527962642841
305159254699311031
789839210880016730
273430676210954421
837402832392396529
054809080358954764
887408559682714132
292920569497657776
872919716518295024
937065611531300132
104309255549835950
634944881027430271
685675301294750319
852211053632276655
634238512014178451
686383788377348727
697084409494523219
262966687344355493
258206177702306421
304705534922334111
832249376986972891
304312135391360484
283629155790048214
466265133867413988
769085705082455303
570094308210721458
938654445426537750
484075115875197313
854657424917437250
649575864531238541
435656274341211384
788650051786618038
706498462202289873
200895188045508215
291232045931380088
273297233363963697
225500847928670110
405183459936575174
271688182017545805
386408936468614129
792225934381813681
779559268193053794
574328170070379085
545627132387821594
917175090698670993
772776496428848067
398015196936628986
011139021971642857
168001853740316068
564144755823628265
574118798647892085
473117850390559692
711383920368129977
385693357867313171
162835669127625577
135780811378216386
801053766602960204
748087215456862142
426330038843986577
689455987867882888
797718597694959878
905878548861641765
251206867732423605
883125191833730337
933889090563796096
780919889661572592
529663915789642253
062057110020455962
425409500732362100
168160326880914004
773012144223262269
351895579016067172
318225364934323511
443426604417651775
012439958236816635
111480971415637967
872543160432597895
686119578994105124
908949627827348311
051784688582422953
205461703706259568
791705061480939205
389457316905949596
822361954515898166
159546525606062995
603790814435071277
902247704996383429
151621849342812822
507927903966910385
201477405003214390
315813234089703083
361192973007927341
724367878314111142
077029850866262259
978457593141319104
009401797103689581
614722018277276992
025631045208774767
985231077524972262
276704807558813345
431805226100885414
697741333189826599
286361685471088961
591552509490545634
885827982342710555
106091638950693776
224247532019234492
494653540328958049
133544588436549662
048234693984615941
297489974189913900
203899048687194725
073534581750219562
119079592997626341
288621579385486888
899109405578511420
810823449857158295
292912018225873286
100682600724577077
582575316960275430
557375191230403555
933707930897920193
732987152043825991
413542516607291344
411968652361477141
058933417613648647
298385630594685949
920063063288859449
797018132626787606
291340969464014205
460315400226099422
336059468548553009
026934882830721420
924486837230354387
934805012137055700
511041335496718904
300690885776941770
389282063636955674
934555758696768982
616149225978646806
070030770948568313
021305964538669407
438426856050096765
111397835420292633
281989600027823060
896822521136826783
481792916513651346
142607945913003623
524269633395991823
748277814220151124
203811833015519918
732711765618754624
628656252527190241
189025159512237062
706926136430446919
333681179608401524
475114986479122344
536059389226162245
084793208352638772
950121845174607771
030319594297504249
864295470759159775
388432838500995089
523842754325955943
404943207060068096
308574464992103292
029591109000265420
535181566891217247
357794048166421059
138332447764752511
359270061352251305
383011676312433704
875713773126936651
321029389880617896
395941137881350772
193784455902612621
278839560835310929
432330514208611436
145153304033295229
504472641142553689
197808567450133225
129236162275978375
179190806493681668
594735472280395759
884062358104857221
473270260339732020
724103165541173159
517436850030277323
189823076676114610
278364300286363528
931626440465544741
647617208995675686
937280671004603767
517879736341105653
685703553645687122
476155990216741962
521574668673847268
243349974473800631
977835041847448807
052885239021925858
420019659063197564
588794858474119633
013897435547336084
377263025253483845
054462363935356078
302754867929929962
264788040898803102
522219227292752038
118726947916863131
018790757116404838
344541757726526183
495221616046287188
120492572696262600
843129606806840028
385116684572082452
592189955912331508
352151763083892693
140795170857722141
175577549064995206
153488473585819280
057461469900484276
917861826173659961
618281783131364326
131156092768417942
027737756713026613
125108462355237021
610795954733017861
297450368367757096
062448369552453657
440475588903612378
667790204982238820
472075941670469877
483014047884222217
378325915185034401
447259615343474486
152520122193682432
785333986732294879
109369813287546379
990033852196838680
171085894932803458
269398382534379129
326936897612564925
453621062842782934
950176014295785412
036762059875734354
044672760666162701
779601255086655618
544131165394859289
584197178738805406
098374640047920046
083703895761254959
818665728298554414
990931308100389003
144124290840349250
117926588371189932
300509490687551987
515135448026196572
148079562732391755
583937366079637763
327560335702683172
773464406523353254
348994295765937354
502835555093810763
205565240665100643
428513860077342509
860093463928225854
064253291366419663
528418905156666724
541595565151880626
869340934625397181
787997129661610257
136330980956616304
271716254331051274
210777074956361899
946340475421833534
462101214592533623
676449989443384365
570623960960285266
580044419321915494
090118179441320520
004908623109961804
729732247041565146
550847643014690692
790126009343604697
772401997479463804
666600491457308927
827330037399403654
272705470482781373
400010115824276530
629320813245054214
610224180104847175
387653130787559475
933390038161455046
656611316351035105
082163446325057687
670123375055314772
511274729068349650
359360914093606154
849836003149732867
516964562576706455
030261522812453856
086569178837600184
669883412345222332
856449617300866383
172509510801292737
974256832759941497
750207291097019028
462702218874731035
518327769028219729
217697935241581859
283328392327987319
126877575771003055
204474694172112842
554756155252380704
247623755674907309
489666801008499723
462938386602388785
062387576389959476
358022115816051477
360441444220460493
766008006004059394
223354835000975292
653701966349091351
763348132054705429
772459829560889387
717602313551958332
444676742759692208
463649334094914655
629110429161450655
476047073183087192
624701793979912595
619283156530731249
202987579766353784
264492516434219531
634416879572819976
153897678018431472
320406086552070327
416473960051248509
410040078548770574
327665053334454069
402043982894227078
662379661392787626
319312103583990884
444011260956302275
035893069848246830
348787670874187638
675112142658033986
104736727106557892
183816441272416725
926129318024959102
662900681422953943
801291923580882906
039433497243907933
570767218815905023
451775484616085641
622599906489631674
107936125529083574
062618667425302547
480849959479729498
096148119201263791
755638489611519481
085165052136256178
356548026797007916
931550113142148675
802361430848269916
536122488021408535
546026883044572460
889411055492867882
112433951314792874
324746937876049521
969821151147936280
966284380209362441
112812812413241537
692308088238639855
535615073243129077
420877499865959498
710264189255318721
797185644254272037
134623938313828425
635007726608462021
345309279573520772
992399200159958086
699184520336787745
630572899167770179
454114967459421157
087243983214310072
149930915638146065
031303879147713795
940381705141602847
667086853615511474
855337904263518447
951975013923269069
093597136556587514
409441345592074379
638211001755037407
077599445939701107
541262123119764053
616085397645464326
910563067641397596
962901987425980710
492133692207103593
467861029464180358
327068615941135167
301448764742404168
929438845707028156
498015899262551423
986043171436335233
121993958162049781
970426593608265865
700458079335707271
930070141102560926
087367839791031676
941820192928054221
379650911353406351
529506944657011788
586524813459035951
295805079599546438
080284464306865043
541147233857320191
785846748734397388
458128631224165097
334235652977084088
683997085551927427
773819621702944298
435192410803584690
050670604579782451
160979646688440573
808780986544581553
287424172277405030
320338493853816165
615267244098250091
385003456638909256
826940800803642137
055221831915006319
558657624093445387
553542319052769060
741527929196369115
080373447267074886
558323329766158676
557679241532261999
159753889712029535
223338990984631247
721548796836550105
661450617769620945
669419850381613313
028999516438154014
575516590684861060
693287927984529959
639510988801624525
150096743504393986
867396764186320061
366494165214639779
964151789579166208
577058439484482675
652620827167509798
238878560001969271
804503200423980015
435775685410577910
479858714395025036
932793228725812902
120766223163400867
856856066761797068
839956795086307777
747976233270247078
715502718587934677
999378941385602238
970191109480741679
791262474192821616
914669767101827097
737248022045326274
079300940191212332
887616506246288839
933906987864398818
571689244185813031
345100046693505455
571339425864150343
255323287698267945
948522101858039571
846662707194959124
279694054288794771
768342892972580094
290354213996363787
884196508857184821
794284295151902024
341232128723366260
703147146611863821
640126744142405208
227030176204759030
419507783858607009
914404928092977276
351912357873224340
383231070327873030
686179025904917575
049130551348779216
411535227027748759
835797141706966616
151378697069077187
602305570950821074
399731420033338491
774965537466965168
285435702359884609
233362769164260053
194000007096593294
984361092537420004
098117417231176074
746144280744998832
576668566716314929
415082583542478770
963243293517658796
059231757603840378
857829697106323346
959628641220874061
582411199881119131
309573857633178098
271576361995450991
198735228874159468
621613798237720550
731630775506236503
659890929846675543
227370716037864721
205611986999769703
633736485295799413
978676238473742689
520960943004143036
306058228853780959
772908079257679132
114012105930830998
791838501002797129
054871570806648498
504832723298939354
890667978656819077
568236903049385533
821100727899172070
927396635915478101
028593359406282165
953750200771646488
053817371877845526
112060989156520881
564445446319305051
334556184408323703
321364060970102411
959377342014526182
182170683196137360
880642998422733075
556132697656300522
279491106205693036
108561232362502842
362300453571046520
186360842364979101
033169176996261058
950163437431164302
056730854175332172
889597274050080168
158164688581800963
621409874306760983
289072598871870008
185462402383523773
618320967683191823
214458322559074980
617009247580446141
790491421706570799
204222344519162096
861895066890533790
240530789120102325
532494228714955997
409007546769004172
883543253738815707
097454968198667593
930168488241290439
249576797328871935
127251781226885888
025035080563906273
774071762667766227
078446224844590542
324982756913121471
847147006741510824
670588387019795635
073071617808932078
400655848861258896
771954899090109385
348125770669975149
816829492162291494
438096923911880866
900850927499858298
511075815282961049
992431018581691799
292571514748668676
164624270706180918
115135270944843973
696416159689821206
200169430735436605
585866312796576814
121643229632678071
093014687833152772
057715953633820565
075285471172647218
203855768404839902
378334297478242011
456000352157821226
873723019800059515
647705056001322774
188783155161326603
276154110437424526
536818923291559120
227397392698364439
111129851969415451
276858815793067770
073678292641766162
654168048332865991
990960415489185970
375782651770308070
824824925210305379
791070521046373690
446048716261157377
626405244154487580
397107425216624362
084122678326490376
028635098982352359
128381876126184378
855960391146331648
299021810346955708
453863260510935369
467045504542611217
974520127821415446
518379156411213697
135121858450408152
473345705709894661
465476229136662366
223991249737831002
199095811331216055
616831955788575289
332309563601208372
821086994507142290
148227595682627319
930278077214146341
147399395903674869
410436609830346240
206250775984395269
524727392440001007
033025506272309532
114986552884763351
182688345132637324
238608692343546704
483632759049693788
603753259381948212
096074573567985753
299394466214090839
592835056550144227
280361738752135961
529660991288367852
890045622646270880
005133140699251734
916305003623267021
416537171369736158
606142686918907822
575667511712493830
372415724571493574
017069039788341553
365997828797346802
956771405480755780
130789798674543416
892611417090369153
993327407461538515
313123492681303215
316869568289587079
740306454139170023
214548970969037885
259131222291355228
511291194414072170
482403458994850384
695839938606492437
603516153354626913
260564983908561607
479913268272903460
889859909323878891
548516507952332149
024832812594771975
708306806884554175
643314494334157089
675107538408382757
493116265693362540
667039888615767953
764059164816977652
658150163683717880
063412591977308350
124190107636415253
381287496003141292
304993835238461983
973524568264815712
721410276910500083
983920269407643030
172036248895246819
012122637227166098
180002352936502745
012954176164115209
928040488205957279
102763965767764396
004818413985066717
002819194757408289
939963669300734667
733876543997794400
598650460315787534
955164459305953566
538358759651816885
175610870414677356
939896624124212875
955466016268383562
797327823096948442
180133158833973352
315269189145941027
811191935397964851
324794594321749576
170038084195309664
204218597239779008
543655577365756114
099021956694477234
641812460347145869
029278560045293210
644066665084839023
968955774206067402
381205117628321471
473241521205955218
292711693393798618
472002000070198425
998720294981906792
918675273742751562
642912171409809847
927742832493151281
377973699400724131
426130523374926234
502844626164002811
334693664906433242
840796562315668493
308354778568029406
380410672300041219
493185289172952449
146444287303870785
637330285218401227
763495996430682735
626543837969034599
066680141712154449
903933420918049242
692164398661878223
352386093388185147
599272870661667479
180553622755837590
359913148978050194
827441407578750324
657602701343874268
234970078917109377
252136141014851367
415352587117472302
317689796866814840
250148764924921734
497634929810579093
975257452224273789
632767359671064448
050826094594166236
785932158218054763
363590162626420727
443626171742876439
056329385041600281
992896579111892269
470916033555545489
022486014830078562
726121620967453457
827702123090591755
051340872090414727
711052698513221974
608105128800290330
667362956921291042
965786777494395801
684815625766743337
023400374027743967
173109545138611031
159984860875358500
287918552305060376
096222527640151256
891057026874438044
121328957491334420
466402067561821421
108283533625877677
869794669844939647
001722246313694836
238142423596373318
951720930081797714
038085327647933740
785858820562366225
349691742435683032
366897940087956804
815988153808946010
074387422323957536
855933245387787594
740609527491524248
381074270731079775
709526578096454601
384112438697327336
505513356534554004
559993927999226339
013599136624578585
157409318189515719
605905630371316555
614763544364323301
598225356667550129
279987755762162777
454877161107253708
039763833341392864
886187786763447997
148978558815221146
208130289030658610
802201275120189076
776720511135187575
302711330022065769
125491804752825534
511487600492981837
420959604157777069
812032287052183458
092473067823877960
413496669870013783
916172242269652957
098228771291980092
293666585249464288
384946397739086058
539332679209936491
498937293746987333
643461955895258941
288860952697494778
821282500349123323
743824921049499346
238021448360431471
319589423518582315
206930511061749648
881641650982046469
765694015394619920
957190433832703095
340102205807062360
495788352297660729
296535033457794783
293453150281035961
108803483783304913
625931022459423088
098875508486424629
362876145152681995
674808671054601211
956137679138093935
888828048155132924
905283886634444977
305237495467820963
965959199614868311
756674602187913140
388540321142903686
295964574651689714
049545731873624774
645365879561862377
574099124320987975
632788569473050777
080308286729556568
592721195730618445
525352762525523640
486794096470426626
132628987489818300
243863461544718740
187253950877964927
024736773743270695
782875110370774806
180034259495888390
376968736542621449
844919615623015922
108462205560913773
530528203905092423
062133103570020962
459857609461233521
086241006619540496
545498205540846967
414125585857395520
143176987113290329
400581227253391205
759499713251991154
303434317237705141
141667743274640887
240357928014340986
623948655632895832
531112428344722259
000979245124586468
006280723513247346
371078033350716094
136422686776465569
861995443692855535
890405122802491401
371539877549581254
835115962769582408
058897326169827655
013520326749288942
451815481509114857
107948676130611276
359906302605011825
285875734086790134
477242060789323109
249521917724572683
266848478888518897
450855431066342964
321579569715960782
619031944785536655
227116325710954469
608945454347835246
598916588761457557
340329779527003411
980539598810478370
656938263764755318
479174711490178340
392217813805693113
815673289894941836
133873356253318522
575314947317794975
801648600760393978
002074617253627235
552041526952713467
357333170946684739
041039204533464295
315211575484016999
188399307330032929
271092377065693742
852417344084012110
768294667732757084
332406120535197814
617621746676441175
971711176160290592
054857536152885380
838826598037823169
535695690336005695
363395454165034293
058967204789520330
604822553932565379
905019965331779475
225620543183629840
463000087002505071
202280058521568945
118002984501584786
745867613027533428
334352478604766228
858962282132561685
673829429289687961
068966915104576850
816383463609904140
439303739773577831
084521316497054397
655098874967970303
768851210040292782
980394818966845739
551020650534285021
270501820802284404
489112502219663958
591011232764547798
219087992492967623
035109884511077757
400015299694454492
215948496427614636
825237009249627703
906848862638005022
491497613208711437
918401631260286111
608483999970517018
421405790015250108
143706762155028718
491763055366165284
237386782710296289
075931609660160131
246997241688739922
671981323888273635
216119238260261629
260000163179540912
415354661816625862
128619164891772697
577522533437728996
893298891113762339
971202078708069154
733279206503187400
234526383636517544
195573717520360625
686387333795841431
433242498705220241
291692629742899755
757818849333639604
334017350472141514
511015242136261743
645807454842010376
955609365129847945
473641305591233704
101899460526736282
710843950843107297
744170935311652622
005085230786144955
200200639163158743
464600721800062541
578316651494238450
519444427502535216
923581869108849751
955384136490341689
019349308336948983
604082939269985950
760704055887841508
418926742310647285
632259950682683237
790974225406864788
184313115168641105
685496256941656918
577384686939074792
150256286054692498
316350865022811967
858798309750958149
417498919204726844
943886873834374954
692701289324360436
980162881269286315
593622063477844628
850529185502932634
282161498062562178
858860268394605145
869896012346958584
491414307072843166
564478378593917126
981174017334237233
443350395051485922
599387041683719416
250150307793168616
708579780345599628
279425384244597329
794063255745584161
367952093636655365
585579788622259019
764715621716474303
271082481187586809
204513383530202566
915559169391076971
573501721015319054
248051461426680883
885040875734084559
563111719564474846
719959687582202894
116134606152233037
968697064366628125
889282927238766858
239334310157017426
229432666881596490
619572280516803236
782043233094456023
951255378238838448
262107444713413903
969446429806923777
093360342397434868
904853046188665731
562482666799059069
528261827347684270
556720562191656316
848691937931528626
728275700274172579
643492641820510589
440454788347316197
939487251716990741
121789902840389831
248479727974634879
632077674386153217
156219858879806605
776749300442585602
413151143172159414
071537475926855778
171966727611491272
853023337186553797
206564770015661781
910267546868497704
585621957466864644
969901023510205630
590846974881647287
433197824670240768
884853745378516626
375644826684402839
847675045976797161
673364217905453609
284166733032580593
829394800551956897
946083638464233857
128679086557416914
811519527691294856
819399760701419350
769072764941601573
620483184818551321
052021128994129242
233325620206184017
530563961513590231
598243993321399899
235336065078699306
595694830793341912
137450556727374089
576775897069855837
709810929549650775
911994823613740152
943352165957370667
754955326957858449
615748921658499331
757676674434565566
237155712519344552
408462619232867546
335655194086468614
387820964476085310
069841756507081578
497204612257455876
564745992742451426
286047261752186035
570076376615372621
194220469442216679
676296536173755748
876860928766418822
283983291813695692
482581140460263727
736158202879791737
065924183111146221
796243028813900383
815471068617706614
666264664447984369
514928055823688161
401827153787387941
664805941977270717
657262542575583767
214473604417890582
926107457067193067
255075894572736192
530091606622830606
223399589415693439
171413700517366154
194942071925078301
871883914826883772
248586535334740612
458794462265110672
913836476274580166
526288158316831923
773363784480943067
235725793930194793
834402321747152644
402165265205629112
007069297209218786
662102293578902794
389990803982846570
757531368627487104
832700082850884560
401337427664948540
354538049624747537
499712932396202012
264339368628155522
269858525561480785
898213258439132163
651845926538173248
559255939602937826
675852389842862754
369311149939634231
891002199537284177
673709088580925838
173376581559788440
150192516602582881
982410803098906202
736378358076376315
619937332491330224
893739925155030596
481815935076956358
828304773066385671
464762641417405336
411468351352597629
284574467951373328
229442488947242739
766053790000564384
781207175409111717
086965952727498727
530573797202230490
801915991236086124
756723879004400350
385240706617535843
516133238145295588
969635629630138129
102704326988502534
389025213371792617
010841206350481116
321858343582636570
246464766240635172
738104942487704341
682744468852184714
299547127688315016
779879631939504415
656010510840104618
518590965647412860
418724716854429347
227584529502577622
955026010642219438
264628762365838545
651110047745062764
769701470151812816
483514862859064315
227829036084560708
458564812812750036
946350086614213769
588069337799150343
070187265608338673
088174265393857579
447759107704813539
744165583877636148
948240975250358998
639357693564005499
335803651005851395
584496027025935740
135336043055910072
428714323879285754
684118590002066260
702491866154461578
588894068439699920
699478377255135415
422031223844313141
760981622748894674
504820049318138265
991213500697604208
052772176530865384
997481395337008705
140235118333174933
711489837968392199
683589843480971371
639000265217862164
916173413314273689
483981596323214853
611292956110346406
647556986436262661
207699008694037902
465462908677858789
682349349564301162
292105278482187553
812203772133773454
094459597860871557
628614783661990458
663405631936074324
756412280473866093
210480590698176402
534096062856321465
729265204960161754
325058952763340783
027299236039529055
885003070363728932
710597396648208767
394536554207656258
621957194299547641
231919448426203551
335913550206033733
533310324477211227
490227080534894374
930526552643327260
255592255385338974
504355379104368319
112077883033998669
612470184459919945
331212864268441579
549279362875573056
113254340453682907
604217871498037448
960981898568742685
017055137734847453
945005756563807195
197192294331760525
764349917361248009
098919860248362648
005398282248423079
257578967902151832
999949117412746070
610330837305854985
058979579042459152
881552921104008185
219235731054436497
890555415957392273
613857785467598240
933722299267004048
342098903993498371
129493614140248287
978690786665722233
009986549072777418
412851004961017879
853552696165674684
573981533231122302
095999944972804839
590877068470581657
452130147080075781
544782376741068921
020104750576223121
810684733292464529
410320648414837435
816675235674528012
758364989464276972
968014068302230768
323873265466325194
769192170644345195
069512222135477025
863786785603392078
037910448163437008
519503040372991498
802910226080027783
626538882630648563
993477574923334749
207228072857608837
773842789950702324
631965166392473389
027712752872078910
926229880862597901
330944457704506658
478243181988777977
164292835666115320
407122648950276378
948453699363096159
028544614948959941
267433810978087504
497161876889485217
232451994633078043
839391724039964113
858850069086174750
023045052983265049
966900526449704995
494197645197895795
667961735531117332
210625806234979637
623021086457782260
245282731287218510
547455060226293322
377869732399086318
721685754807268494
841323385309484561
060751729841310488
834189727527579360
954506796639271046
850756947249291779
580521937446481950
801081485037733026
814611454780058974
703520753424879170
995091147710442429
218939309680398331
196136672170950986
749837260987421573
305392379026962625
174634780422914180
265570282501551682
536762365074872584
818128991530851699
458527764830979103
739469200303367894
374245818223114204
565685096234237672
347666704444305317
623567094568220001
200492773527785011
635895015881394137
139763249395079297
636354416409675880
236401277626564122
644769689453600178
446987378079808372
108766654925888735
861383902416221544
660769656647911826
034934650245775052
599462154971988296
846826932927144783
169215209716322429
102095485598578933
944594356519238225
210007450765387992
983403451933821336
722154197455452229
567682703139623613
522254096617295615
314309688372455264
436265315895774585
743671525576139497
133722523813686676
762986915095623725
530851398970605344
901454233587421378
199700802564270973
461415923897859739
356890757405777291
305399056264177354
326717206356145278
978012446254369541
800363324203235147
983543882995414048
525173647114999102
345136879652755210
932174264926965015
843414059996555890
378181177035040141
177570764445252332
666565591106644661
578494784456371632
382984063300342537
875543667974934133
927327282069373587
524651081626953935
490293049763489514
617471663046924759
130712507404983119
781046585994501219
184000178438639713
467544584826053964
633529008579357142
285989604538440919
753096834957139029
138988217247135902
283610019782947806
358488154225697382
558013546780765421
218106156982611824
960202887764120053
757704224733007456
822671308143921110
061130632322994494
081296075142258882
862809220800101985
903127579497844885
840879548978612148
856701851041223811
291660977811103631
715307813465132359
542853340840627564
767076288196162095
073200997109986033
763660535228932468
630439060380908726
984855584342552463
438659222970683978
782231290970584353
342350216282562777
918638430005418761
061398118516797629
195899000664996867
271600361935041081
406332271921310991
812145115621786586
615260328030044345
623178436918008782
366846461737654779
899069376794881426
580148219865291994
344345584941297316
359636245279022759
430129140983648813
873539559163122502
425284812400081002
491222785539735623
916653481749036948
433194749715082327
961858216417258255
482559781416331937
