720316356448680654
721486036256470413
999827942939958690
095079302645293932
086569178837600184
669883412345222332
517308865765688148
856449617300866383
172509510801292737
974256832759941497
902124479369300609
613102528209867839
750207291097019028
462702218874731035
518327769028219729
431115163327942660
521086893434003047
203868536646459819
596149699350151050
217697935241581859
283328392327987319
781378486401359600
438389169162230178
100795952072260175
889316781496594204
126877575771003055
862872533353169494
204474694172112842
755494117330047133
554756155252380704
247623755674907309
209609724947136027
219468989531359944
489666801008499723
462938386602388785
210777074956361899
821396968634822425
946340475421833534
462101214592533623
374716012572673951
172961002040432694
225369880503400924
159555610754461538
676449989443384365
570623960960285266
580044419321915494
510656875662073900
090118179441320520
736550687944377346
004908623109961804
729732247041565146
007695728448204537
737533862700022234
026980420841364596
550847643014690692
108320859161899976
790126009343604697
247868372854615374
772401997479463804
182871215521969953
489978192324287428
126585289622071052
832043998537682838
666600491457308927
827330037399403654
272705470482781373
400010115824276530
915252802945903161
742538907527469732
629320813245054214
352958634469312754
109444728227263264
457714836065136680
510821596953984822
884822605598576513
277229393784077584
610224180104847175
285129643236983006
291336944600406724
387653130787559475
395795096119291057
223421028924508088
783758497187772267
800970948927837880
933390038161455046
707970583090526844
899426180262840315
656611316351035105
097180311609446130
262832052342259636
632736846223159795
808578488377048218
082163446325057687
670123375055314772
511274729068349650
784131383205575190
359360914093606154
849836003149732867
516964562576706455
030261522812453856
