200290691952701477
661202075362732048
558323329766158676
557679241532261999
159753889712029535
018980860006841746
223338990984631247
721548796836550105
218801036872983584
723559019694503868
298326459068258361
661450617769620945
869392407893216866
441428045423284668
928679863616934176
669419850381613313
028999516438154014
208753334081005296
213797471747940424
796026093364468992
583319259783581508
646267057911400815
575516590684861060
255950545096723416
102715080866333082
900816568792167920
498192728689311669
693287927984529959
502363049851751339
940967198505054197
639510988801624525
586983208984793472
530246997063636244
422865904109161008
485867995763630622
844947889789870542
163690624887770468
150096743504393986
005494862998403043
765883832882726094
526160914361343199
867396764186320061
366494165214639779
416826962428290542
951644120090119849
435587128064558273
964151789579166208
577058439484482675
316042985355677755
972526054940503927
652620827167509798
238878560001969271
804503200423980015
979559013084354451
244835491508332730
435775685410577910
643920630151934534
795622989095958465
479858714395025036
104427026468697871
932793228725812902
459770649411923468
727812306173037895
011815634042638291
987697570114552827
431746167051766574
536506006327210639
691935241577306254
919698190546501377
500826028967532354
413878569614302321
889410287887331519
120766223163400867
779001356593646870
545363859040126048
856856066761797068
230839625084654904
839956795086307777
747976233270247078
715502718587934677
999378941385602238
970191109480741679
296756155913317510
170453802783086028
872536408402111811
714548180148833725
892459731596800434
000392493218595027
637518558733093590
585245478433659764
850012755790280876
791262474192821616
914669767101827097
737248022045326274
465773151057709435
079300940191212332
070307453181822437
887616506246288839
359246751782826139
780446877536053717
287945360620028857
894808064101931649
933906987864398818
014188798190435268
941096190717411302
227899755678922799
861946698398729966
015192901671160578
571689244185813031
038109588937917918
817267828169406241
345100046693505455
571339425864150343
948984396011975092
255323287698267945
948522101858039571
250123058192521076
849823306364628876
328231003827728506
025253821443662134
211242428681606886
846662707194959124
336226167352210595
315713856742637774
519340403810055134
640945320564247901
240011517512891669
582561961003489441
198794452224914492
147037634412055735
261788721535389354
279694054288794771
515153471678287297
768342892972580094
726487026289026715
197514555507175483
797208527962642841
290354213996363787
305159254699311031
884196508857184821
789839210880016730
794284295151902024
341232128723366260
221016608523649137
162772872664724971
608589824973896672
703147146611863821
966056589738992359
273430676210954421
640126744142405208
841780289728886342
837402832392396529
227030176204759030
054809080358954764
887408559682714132
292920569497657776
872919716518295024
937065611531300132
104309255549835950
419507783858607009
914404928092977276
292738301527517118
351912357873224340
683939110444293668
383231070327873030
290882793120175214
855604394257998520
775026241915439556
634944881027430271
686179025904917575
685675301294750319
049130551348779216
411535227027748759
243056697636846813
852211053632276655
634238512014178451
879595620723544152
835797141706966616
686383788377348727
697084409494523219
151378697069077187
602305570950821074
399731420033338491
343063361782000030
723656863878882568
774965537466965168
262966687344355493
285435702359884609
193391549744311389
258206177702306421
233362769164260053
304705534922334111
489575536080727153
832249376986972891
194000007096593294
718981193994334381
984361092537420004
098117417231176074
746144280744998832
304312135391360484
576668566716314929
283629155790048214
466265133867413988
769085705082455303
415082583542478770
963243293517658796
233394646029018872
570094308210721458
059231757603840378
857829697106323346
816069755915437975
938654445426537750
959628641220874061
704706336683101251
582411199881119131
309573857633178098
484075115875197313
854657424917437250
271576361995450991
198735228874159468
649575864531238541
622162961107520378
491816088076895707
435656274341211384
651640638701212782
484038218306268963
978398581597621919
788650051786618038
553542319052769060
490937832112002699
